45
1 0 4 4 1 1
5 1 80 -1 -1
0 1
1 2 
4 4 4 3 1 1
0 0
0 3 
0 4
1 3
4 4 4 4 1 1 
0 6
1 0
0 7 
1 5
4 5 4 4 1 1
0 8
2 5 -1 30 -1
0 13
1 6
4 0 5 2 1 1
0 1
3 2 -1 -1 -1 
0 4 0 4 0 1
4 2
9 10
5 4 4 1 1 1
7 -1 50 -1 
0 11
0 2
5 14 50 -1 80
4 0 5 4 0 0
0 2 
10 -1 20 -1
0 12
5 2 4 0 1 1
0 -1 50 -1 
0 
0 3
4 4 3 3 1 1
8 3
0 13
1 7
1 8
4 4 5 4 1 1
0 14
9 5
15 -1 20 -1
16 15 
3 4 0 4 1 1
1 5
0 16 
0 6
0 4 4 5 1 1
0 7
0 17
0 11 -1 20 -1
4 4 5 4 1 1
0 19 
10 18
6 -1 30 -1
0 9 
5 1 4 4 1 1
0 -1 80 -1
5 16 200 -1 -1
0 4 0 0 1 1
16 10
4 0 0 4 0 1
0 21
0 11
4 4 4 0 1 1
0 12
11 22
0 23
3 0 4 4 1 1
1 10
0 24
10 13
4 5 4 2 1 1
0 25
5 -1 30 -1
4 4 0 5 1 1
0 26
0 14
0 -1 5 -1
0 4 4 0 1 1
0 27
0 16
0 5 0 4 0 0
14 4 -1 -1 -1
11 17 
4 4 2 0 1 1
0 17
0 28
1 13
4 5 3 4 1 1
0 18
13 15 -1 -1 -1
0
0 29
4 2 4 0 1 1
0 30
0
0 19
0 4 4 5 1 1
0 31
0 20
0 -1 -1 -1
2 2 4 4 1 1
1 4
0 
0 30 
0 21
0 4 3 4 1 1
12 32
1 12
0 23
0 4 3 4 1 1
0 24
1 9
1 33 
4 2 4 1 1 1
0 27
0
0 25
3 4 30 7 35 -1 -1
4 4 5 4 1 1
20 34
0 35
0 -1 4 -1
0 26 
0 4 3 4 0 0
0 33
0
12 28
0 4 3 4 1 1
0 29
3 9 50 13 35 -1 -1  
4 4 4 0 1 1
0 37 
17 36 
20 31
4 4 3 4 1 1
0 35 
0 38 
1 17
0 31
4 4 4 4 1 1
19 39 
0 40
0 35
17 34
2 0 4 0 1 1
1 18
0 34
4 4 0 4 1 1
0 40
0 41
0 35
1 4 4 0 1 1
5 -1 -1 -1
5 4 4 4 1 1
0 -1 -1 -1
0 43
0 38
0 36
2 0 5 4 1 1
1 21 
0 19 -1 -1
0 38
0 4 3 4 1 1
0 44
1 20 
0 39
0 5 0 4 1 1
18 16 -1 -1 -1
0 40
0 4 0 4 1 1
21 45 
0 42
0 1 5 4 1 1
5 16 100 -1 -1
0 -1 1 -1
21 44


